(array(['O1', 'O1', 'O1', 'O1', 'O1', 'O1', 'Nb1', 'Nb1'], 
      dtype='|S3'),
 array([ 2.04978164,  2.04978164,  2.04978164,  2.27114128,  2.27114128,
        2.27114128,  3.06608666,  3.06667815]),
 array([[-1.00593791, -1.65362372,  0.67470164],
       [-0.92911119,  1.69797964,  0.67470164],
       [ 1.9350491 , -0.04435593,  0.67470164],
       [ 0.92911119, -1.27386736, -1.63465502],
       [ 0.6386459 ,  1.44156758, -1.63465502],
       [-1.56775709, -0.16770022, -1.63465502],
       [ 0.        ,  0.        , -3.06608666],
       [-2.573695  , -1.4859235 , -0.75672999]]))